{
  "advancedEditorSelectedIdentifier" : "ProjectBrowser",
  "openSceneRelativePaths" : [
    "Immersive.usda",
    "Statue_of_liberty.usdc"
  ],
  "recentIdentifiers" : {

  },
  "sceneCameraHistory" : {
    "1D572CEB-057A-41C3-B575-04C37501A3C0" : [
      {
        "date" : 737041840.580291,
        "title" : "Untitled",
        "transform" : [
          1,
          0,
          -0,
          0,
          -0,
          0.8728326,
          -0.48801982,
          0,
          0,
          0.48801982,
          0.8728326,
          0,
          0,
          133.55812,
          229.21213,
          1
        ]
      }
    ],
    "6C1DF1D1-B777-4C4E-9261-41400C08C3A7" : [
      {
        "date" : 737041878.720279,
        "title" : "Untitled",
        "transform" : [
          0.9992075,
          -2.8916318e-09,
          -0.039803624,
          0,
          -0.004086766,
          0.9947152,
          -0.102591604,
          0,
          0.039593294,
          0.10267282,
          0.9939268,
          0,
          0.57838595,
          3.2175236,
          6.766187,
          1
        ]
      },
      {
        "date" : 737041875.741462,
        "title" : "Untitled",
        "transform" : [
          0.9992075,
          -2.8916318e-09,
          -0.039803624,
          0,
          -0.004086766,
          0.9947152,
          -0.102591604,
          0,
          0.039593294,
          0.10267282,
          0.9939268,
          0,
          0.63354576,
          3.2944765,
          8.150891,
          1
        ]
      },
      {
        "date" : 737041873.010382,
        "title" : "Untitled",
        "transform" : [
          0.9930484,
          -2.0123985e-09,
          -0.11770659,
          0,
          0.039803166,
          0.94109017,
          0.33580518,
          0,
          0.11077252,
          -0.33815596,
          0.93454796,
          0,
          1.1984873,
          -0.28892106,
          7.4954576,
          1
        ]
      },
      {
        "date" : 737041868.467969,
        "title" : "Untitled",
        "transform" : [
          0.9930484,
          -2.0123985e-09,
          -0.11770659,
          0,
          0.039803162,
          0.94109005,
          0.33580515,
          0,
          0.11077252,
          -0.33815596,
          0.93454796,
          0,
          1.0756335,
          0.14296317,
          6.4589834,
          1
        ]
      },
      {
        "date" : 737041867.298548,
        "title" : "Untitled",
        "transform" : [
          0.99220246,
          -1.8990098e-09,
          -0.12463643,
          0,
          0.044661663,
          0.93359286,
          0.35554156,
          0,
          0.11635969,
          -0.35833573,
          0.92631316,
          0,
          1.1133862,
          0.0032486916,
          6.394351,
          1
        ]
      },
      {
        "date" : 737041858.394098,
        "title" : "Untitled",
        "transform" : [
          0.99947447,
          -1.9093744e-09,
          -0.032417707,
          0,
          0.013976726,
          0.9022826,
          0.43091846,
          0,
          0.02924996,
          -0.43114513,
          0.9018084,
          0,
          0.509722,
          -0.49942285,
          6.196461,
          1
        ]
      },
      {
        "date" : 737041841.466694,
        "title" : "Untitled",
        "transform" : [
          1,
          0,
          -0,
          0,
          -0,
          0.8413695,
          -0.5404603,
          0,
          0,
          0.5404603,
          0.8413695,
          0,
          0.30824995,
          11.365233,
          14.749714,
          1
        ]
      },
      {
        "date" : 737041840.117605,
        "title" : "Untitled",
        "transform" : [
          1,
          0,
          0,
          0,
          0,
          1,
          0,
          0,
          0,
          0,
          1,
          0,
          0,
          0,
          0,
          1
        ]
      }
    ]
  },
  "selectedSceneRelativePath" : "Statue_of_liberty.usdc"
}